0 -0.000000
1 24.083333
2 17.358480
3 11.495368
4 5.428265
5 -0.832895
6 -7.275376
7 -13.885501
8 -20.648657
9 -24.960160
10 -28.030336
11 -30.768388
12 -33.166398
13 -35.245245
14 -37.025494
15 -38.527305
16 -39.770366
17 -40.773830
18 -41.556257
19 -42.135576
20 -42.529043
21 -42.753215
22 -42.823927
23 -42.756275
24 -42.564610
25 -42.262525
26 -41.862865
27 -41.377722
28 -40.818447
29 -40.195662
30 -39.519272
31 -38.798484
32 -38.041822
33 -37.257152
34 -36.451704
35 -35.632093
36 -34.804346
37 -33.973927
38 -33.145765
39 -32.324275
40 -31.513392
41 -30.716594
42 -29.936928
43 -29.177037
44 -28.439187
45 -27.725291
46 -27.036935
47 -26.375401
48 -25.741692
49 -25.136553
50 -24.560494
51 -24.013811
52 -23.496602
53 -23.008794
54 -22.550155
55 -22.120312
56 -21.718768
57 -21.344920
58 -20.998067
59 -20.677429
60 -20.382159
61 -20.111351
62 -19.864054
63 -19.639283
64 -19.436022
65 -19.253242
66 -19.089898
67 -18.944946
68 -18.572131
69 -17.332796
70 -16.028820
71 -14.639738
72 -13.167150
73 -11.612994
74 -9.979508
75 -8.269234
76 -6.485020
77 -4.630017
78 -2.707683
79 -0.721779
80 1.323635
81 3.424199
82 5.575263
83 7.771887
84 10.008851
85 12.280661
86 14.581560
87 16.905534
88 19.246325
89 21.597440
90 23.952170
91 25.816664
92 26.969270
93 27.969882
94 28.821564
95 29.534573
96 30.118912
97 30.584292
98 30.940116
99 31.195446
100 31.358999
101 31.439121
102 31.443787
103 31.380589
104 31.256733
105 31.079037
106 30.853935
107 30.587475
108 30.285328
109 29.952790
110 29.594796
111 29.215923
112 28.820405
113 28.412140
114 27.994706
115 27.571370
116 27.145101
117 26.718587
118 26.294246
119 25.874237
120 25.460479
121 25.054662
122 24.658260
123 24.272547
124 23.898606
125 23.537346
126 23.189514
127 22.737739
128 21.514158
129 20.204845
130 18.797659
131 17.293947
132 15.695404
133 14.004059
134 12.222279
135 10.352765
136 8.398562
137 6.363053
138 4.249963
139 2.063358
140 -0.192363
141 -2.512464
142 -4.891882
143 -7.325228
144 -9.806800
145 -12.330585
146 -14.890270
147 -17.479254
148 -20.090656
149 -22.717332
150 -25.338091
151 -27.124323
152 -28.360017
153 -29.420857
154 -30.318547
155 -31.064523
156 -31.669918
157 -32.145531
158 -32.501795
159 -32.748764
160 -32.896085
161 -32.952994
162 -32.928299
163 -32.830377
164 -32.667172
165 -32.446188
166 -32.174501
167 -31.858751
168 -31.505160
169 -31.119531
170 -30.707261
171 -30.273352
172 -29.822424
173 -29.358723
174 -28.886140
175 -28.408222
176 -27.928189
177 -27.448947
178 -26.973104
179 -26.502986
180 -26.040651
181 -25.587907
182 -25.146326
183 -24.717256
184 -24.301842
185 -23.901035
186 -23.515608
187 -23.146170
188 -22.773166
189 -21.744813
190 -20.401081
191 -18.957404
192 -17.415592
193 -15.777419
194 -14.045001
195 -12.220794
196 -10.307599
197 -8.308565
198 -6.227185
199 -4.067301
200 -1.833100
201 0.470890
202 2.839803
203 5.268435
204 7.751259
205 10.282424
206 12.855766
207 15.464820
208 18.102825
209 20.762741
210 23.437260
211 26.058352
212 27.535349
213 28.740723
214 29.772169
215 30.641462
216 31.360096
217 31.939253
218 32.389765
219 32.722094
220 32.946307
221 33.072063
222 33.108596
223 33.064710
224 32.948770
225 32.768701
226 32.531987
227 32.245676
228 31.916380
229 31.550287
230 31.153165
231 30.730374
232 30.286877
233 29.827252
234 29.355706
235 28.876086
236 28.391899
237 27.906321
238 27.422217
239 26.942152
240 26.468411
241 26.003014
242 25.547729
243 25.104087
244 24.673403
245 24.256782
246 23.855144
247 23.469226
248 23.099608
249 22.729020
250 21.717230
251 20.369633
252 18.922032
253 17.376285
254 15.734177
255 13.997838
256 12.169735
257 10.252685
258 8.249847
259 6.164730
260 4.001189
261 1.763424
262 -0.544022
263 -2.916269
264 -5.348101
265 -7.833975
266 -10.368026
267 -12.944078
268 -15.555651
269 -18.195972
270 -20.857988
271 -23.534377
272 -26.150704
273 -27.581094
274 -28.780056
275 -29.805517
276 -30.669241
277 -31.382714
278 -31.957103
279 -32.403229
280 -32.731539
281 -32.952086
282 -33.074513
283 -33.108040
284 -33.061454
285 -32.943105
286 -32.760902
287 -32.522314
288 -32.234372
289 -31.903674
290 -31.536390
291 -31.138276
292 -30.714677
293 -30.270541
294 -29.810433
295 -29.338548
296 -28.858719
297 -28.374442
298 -27.888880
299 -27.404888
300 -26.925022
301 -26.451556
302 -25.986501
303 -25.531615
304 -25.088423
305 -24.658230
306 -24.242137
307 -23.841055
308 -23.455717
309 -23.086695
310 -22.713743
311 -21.679922
312 -20.329695
313 -18.879545
314 -17.331303
315 -15.686767
316 -13.948073
317 -12.117699
318 -10.198468
319 -8.193552
320 -6.106468
321 -3.941078
322 -1.701593
323 0.607437
324 2.981121
325 5.414237
326 7.901232
327 10.436235
328 13.013061
329 15.625223
330 18.265941
331 20.928155
332 23.604537
333 26.216545
334 27.615309
335 28.809323
336 29.830170
337 30.689609
338 31.399114
339 31.969845
340 32.412610
341 32.737845
342 32.955593
343 33.075484
344 33.106726
345 33.058092
346 32.937922
347 32.754110
348 32.514114
349 32.224951
350 31.893209
351 31.525045
352 31.126203
353 30.702018
354 30.257426
355 29.796982
356 29.324869
357 28.844913
358 28.360598
359 27.875081
360 27.391207
361 26.911522
362 26.438296
363 25.973530
364 25.518977
365 25.076155
366 24.646365
367 24.230700
368 23.830066
369 23.445193
370 23.076648
371 22.701009
372 21.643309
373 20.290233
374 18.837311
375 17.286346
376 15.639145
377 13.897854
378 12.064961
379 10.143300
380 8.136050
381 6.046737
382 3.879237
383 1.637766
384 -0.673114
385 -3.048504
386 -5.483173
387 -7.971558
388 -10.507780
389 -13.085645
390 -15.698659
391 -18.340033
392 -21.002700
393 -23.679325
394 -26.287031
395 -27.652514
396 -28.841401
397 -29.857460
398 -30.712441
399 -31.417811
400 -31.984718
401 -32.423963
402 -32.745969
403 -32.960769
404 -33.077980
405 -33.106798
406 -33.055986
407 -32.933868
408 -32.748329
409 -32.506811
410 -32.216323
411 -31.883436
412 -31.514299
413 -31.114642
414 -30.689788
415 -30.244664
416 -29.783813
417 -29.311408
418 -28.831266
419 -28.346860
420 -27.861338
421 -27.377535
422 -26.897993
423 -26.424970
424 -25.960462
425 -25.506213
426 -25.063738
427 -24.634327
428 -24.219072
429 -23.818872
430 -23.434451
431 -23.066373
432 -22.688026
433 -21.606224
434 -20.250223
435 -18.794450
436 -17.240684
437 -15.590741
438 -13.846776
439 -12.011287
440 -10.087118
441 -8.077457
442 -5.985843
443 -3.816158
444 -1.572630
445 0.740171
446 3.117335
447 5.553621
448 8.043459
449 10.580960
450 13.159922
451 15.773841
452 18.415922
453 21.079089
454 23.756000
455 26.347563
456 27.689558
457 28.873307
458 29.884567
459 30.735082
460 31.436310
461 31.999389
462 32.435110
463 32.753886
464 32.965737
465 33.080269
466 33.106666
467 33.053678
468 32.929617
469 32.742354
470 32.499320
471 32.207511
472 31.873486
473 31.503382
474 31.102916
475 30.677401
476 30.231753
477 29.770503
478 29.297813
479 28.817491
480 28.333001
481 27.847481
482 27.363758
483 26.884365
484 26.411552
485 25.947308
486 25.493372
487 25.051248
488 24.622224
489 24.207384
490 23.807623
491 23.423660
492 23.056054
493 22.674964
494 21.569081
495 20.210145
496 18.751513
497 17.194937
498 15.542241
499 13.795591
