0 0.000000
1 -42.500000
2 -30.424279
3 -20.135904
4 -9.488534
5 1.501127
6 12.810973
7 24.417220
8 36.294430
9 43.963405
10 49.380143
11 54.217518
12 58.454708
13 62.128542
14 65.275290
15 67.930517
16 70.128956
17 71.904394
18 73.289578
19 74.316140
20 75.014530
21 75.413961
22 75.542379
23 75.426424
24 75.091418
25 74.561357
26 73.858907
27 73.005412
28 72.020909
29 70.924148
30 69.732613
31 68.462557
32 67.129031
33 65.745922
34 64.325994
35 62.880930
36 61.421371
37 59.956969
38 58.496425
39 57.047543
40 55.617272
41 54.211755
42 52.836376
43 51.495808
44 50.194054
45 48.934499
46 47.719945
47 46.552662
48 45.434425
49 44.366553
50 43.349953
51 42.385149
52 41.472324
53 40.611349
54 39.801820
55 39.043082
56 38.334263
57 37.674300
58 37.061961
59 36.495873
60 35.974541
61 35.496371
62 35.059688
63 34.662751
64 34.303775
65 33.980940
66 33.692409
67 33.436336
68 32.823513
69 30.640073
70 28.348192
71 25.906329
72 23.317248
73 20.584312
74 17.711418
75 14.702996
76 11.564017
77 8.299989
78 4.916957
79 1.421505
80 -2.179255
81 -5.877683
82 -9.665623
83 -13.534407
84 -17.474873
85 -21.477375
86 -25.531795
87 -29.627565
88 -33.753681
89 -37.898729
90 -42.050902
91 -45.451036
92 -47.497919
93 -49.277383
94 -50.793101
95 -52.063201
96 -53.105356
97 -53.936734
98 -54.573953
99 -55.033042
100 -55.329409
101 -55.477820
102 -55.492382
103 -55.386526
104 -55.173003
105 -54.863882
106 -54.470548
107 -54.003709
108 -53.473405
109 -52.889018
110 -52.259286
111 -51.592320
112 -50.895619
113 -50.176094
114 -49.440085
115 -48.693383
116 -47.941258
117 -47.188474
118 -46.439322
119 -45.697636
120 -44.966822
121 -44.249883
122 -43.549438
123 -42.867751
124 -42.206751
125 -41.568059
126 -40.953003
127 -40.234979
128 -38.082413
129 -35.781810
130 -33.308456
131 -30.664684
132 -27.853447
133 -24.878289
134 -21.743343
135 -18.453338
136 -15.013606
137 -11.430078
138 -7.709288
139 -3.858368
140 0.114955
141 4.202365
142 8.394964
143 12.683282
144 17.057292
145 21.506419
146 26.019558
147 30.585093
148 35.190914
149 39.824443
150 44.472656
151 47.735304
152 49.934031
153 51.822999
154 53.422889
155 54.753911
156 55.835745
157 56.687482
158 57.327576
159 57.773804
160 58.043235
161 58.152209
162 58.116315
163 57.950379
164 57.668461
165 57.283854
166 56.809081
167 56.255908
168 55.635355
169 54.957704
170 54.232521
171 53.468673
172 52.674347
173 51.857076
174 51.023761
175 50.180695
176 49.333592
177 48.487610
178 47.647382
179 46.817040
180 46.000242
181 45.200203
182 44.419718
183 43.661191
184 42.926659
185 42.217820
186 41.536055
187 40.882455
188 40.257843
189 38.506591
190 36.145799
191 33.608416
192 30.897689
193 28.016716
194 24.969193
195 21.759418
196 18.392298
197 14.873350
198 11.208707
199 7.405108
200 3.469906
201 -0.588944
202 -4.762889
203 -9.042785
204 -13.418907
205 -17.880966
206 -22.418118
207 -27.018981
208 -31.671659
209 -36.363756
210 -41.082401
211 -45.814274
212 -48.462042
213 -50.607464
214 -52.444732
215 -53.994654
216 -55.277546
217 -56.313173
218 -57.120690
219 -57.718597
220 -58.124705
221 -58.356099
222 -58.429121
223 -58.359351
224 -58.161597
225 -57.849889
226 -57.437481
227 -56.936852
228 -56.359718
229 -55.717040
230 -55.019040
231 -54.275218
232 -53.494373
233 -52.684622
234 -51.853427
235 -51.007613
236 -50.153401
237 -49.296430
238 -48.441785
239 -47.594026
240 -46.757212
241 -45.934932
242 -45.130330
243 -44.346134
244 -43.584684
245 -42.847953
246 -42.137579
247 -41.454884
248 -40.800903
249 -40.176405
250 -38.459433
251 -36.091838
252 -33.547533
253 -30.829856
254 -27.941929
255 -24.887469
256 -21.670797
257 -18.296844
258 -14.771152
259 -11.099875
260 -7.289779
261 -3.348241
262 0.716759
263 4.896644
264 9.182243
265 13.563808
266 18.031025
267 22.573025
268 27.178403
269 31.835238
270 36.531111
271 41.253129
272 45.987951
273 48.543510
274 50.677580
275 52.504249
276 54.044308
277 55.318054
278 56.345231
279 57.144972
280 57.735753
281 58.135356
282 58.360843
283 58.428528
284 58.353963
285 58.151928
286 57.836425
287 57.420681
288 56.917148
289 56.337513
290 55.692711
291 54.992938
292 54.247668
293 53.465676
294 52.655056
295 51.823243
296 50.977045
297 50.122658
298 49.265703
299 48.411245
300 47.563824
301 46.727484
302 45.905796
303 45.101891
304 44.318481
305 43.557892
306 42.822086
307 42.112688
308 41.431010
309 40.778078
310 40.154651
311 38.394000
312 36.021732
313 33.472904
314 30.750803
315 27.858565
316 24.799925
317 21.579219
318 18.201394
319 14.672009
320 10.997234
321 7.183851
322 3.239251
323 -0.828569
324 -5.011016
325 -9.298907
326 -13.682477
327 -18.151399
328 -22.694790
329 -27.301233
330 -31.958794
331 -36.655043
332 -41.377074
333 -46.111537
334 -48.604660
335 -50.729944
336 -52.548421
337 -54.080866
338 -55.347562
339 -56.368236
340 -57.162001
341 -57.747313
342 -58.141936
343 -58.362908
344 -58.426522
345 -58.348309
346 -58.143025
347 -57.824652
348 -57.406394
349 -56.900680
350 -56.319177
351 -55.672798
352 -54.971719
353 -54.225395
354 -53.442579
355 -52.631348
356 -51.799119
357 -50.952682
358 -50.098217
359 -49.241329
360 -48.387067
361 -47.539959
362 -46.704034
363 -45.882851
364 -45.079528
365 -44.296767
366 -43.536883
367 -42.801829
368 -42.093221
369 -41.412362
370 -40.760271
371 -40.137700
372 -38.329702
373 -35.952374
374 -33.398630
375 -30.671700
376 -27.774737
377 -24.711491
378 -21.486318
379 -18.104180
380 -14.570653
381 -10.891924
382 -7.074793
383 -3.126668
384 0.944440
385 5.129919
386 9.420571
387 13.806616
388 18.277710
389 22.822957
390 27.430924
391 32.089664
392 36.786733
393 41.509215
394 46.243745
395 48.671137
396 50.787318
397 52.597288
398 54.121812
399 55.381158
400 56.395034
401 57.182537
402 57.762105
403 58.151481
404 58.367682
405 58.426979
406 58.344883
407 58.136127
408 57.814672
409 57.393698
410 56.885614
411 56.302065
412 55.653942
413 54.951401
414 54.203877
415 53.420103
416 52.608136
417 51.775376
418 50.928594
419 50.073955
420 49.217046
421 48.362902
422 47.516035
423 46.680461
424 45.859726
425 45.056935
426 44.274780
427 43.515564
428 42.781229
429 42.073383
430 41.393321
431 40.742053
432 40.120325
433 38.264550
434 35.882026
435 33.323229
436 30.591332
437 27.689506
438 24.621518
439 21.391741
440 18.005155
441 14.467354
442 10.784540
443 6.963532
444 3.011755
445 -1.062763
446 -5.251393
447 -9.544921
448 -13.933551
449 -18.406923
450 -22.954125
451 -27.563710
452 -32.223717
453 -36.921689
454 -41.644695
455 -46.355824
456 -48.737217
457 -50.844282
458 -52.645737
459 -54.162335
460 -55.414326
461 -56.421405
462 -57.202649
463 -57.776477
464 -58.160612
465 -58.372049
466 -58.427041
467 -58.341072
468 -58.128856
469 -57.804331
470 -57.380655
471 -56.870215
472 -56.284634
473 -55.634783
474 -54.930795
475 -54.182086
476 -53.397369
477 -52.584681
478 -51.751405
479 -50.904293
480 -50.049494
481 -49.192578
482 -48.338566
483 -47.491954
484 -46.656743
485 -45.836468
486 -45.034221
487 -44.252683
488 -43.494145
489 -42.760540
490 -42.053466
491 -41.374211
492 -40.723774
493 -40.102896
494 -38.199391
495 -35.811659
496 -33.247794
497 -30.510915
498 -27.604208
499 -24.531460
