0 -0.000000
1 24.083333
2 18.161258
3 12.910930
4 7.313576
5 1.359090
6 -4.960682
7 -10.524360
8 -13.880893
9 -16.771355
10 -19.257777
11 -21.465278
12 -23.409636
13 -25.106513
14 -26.571377
15 -27.819436
16 -28.865579
17 -29.724323
18 -30.409773
19 -30.935579
20 -31.314911
21 -31.560428
22 -31.684264
23 -31.698009
24 -31.612701
25 -31.438820
26 -31.186282
27 -30.864447
28 -30.482114
29 -30.047537
30 -29.568429
31 -29.051971
32 -28.504832
33 -27.933179
34 -27.342692
35 -26.738585
36 -26.125622
37 -25.508135
38 -24.890045
39 -24.274878
40 -23.665790
41 -23.065585
42 -22.476730
43 -21.901385
44 -21.341411
45 -20.798397
46 -20.273678
47 -19.768349
48 -19.283286
49 -18.819165
50 -18.376475
51 -17.955534
52 -17.556508
53 -17.179422
54 -16.824177
55 -16.490560
56 -16.178258
57 -15.886872
58 -15.615924
59 -15.364869
60 -15.133109
61 -14.919995
62 -14.724839
63 -14.546923
64 -14.385505
65 -14.239825
66 -14.109109
67 -13.992582
68 -13.889463
69 -13.798979
70 -13.720359
71 -13.652849
72 -13.595704
73 -13.548198
74 -13.395024
75 -13.239132
76 -13.081759
77 -12.922672
78 -12.761688
79 -12.598674
80 -12.433546
81 -12.266272
82 -12.096869
83 -11.925404
84 -11.751989
85 -11.576787
86 -11.400002
87 -11.221887
88 -11.042732
89 -10.661423
90 -10.043016
91 -9.378687
92 -8.659965
93 -7.885141
94 -7.052522
95 -6.160419
96 -5.207155
97 -4.191067
98 -3.110513
99 -1.963873
100 -0.777286
101 0.392072
102 1.618560
103 2.904919
104 4.253791
105 5.667704
106 7.149064
107 8.700141
108 10.323066
109 12.019813
110 13.792193
111 15.641843
112 17.570215
113 18.749984
114 19.697201
115 20.518433
116 21.221792
117 21.815235
118 22.306531
119 22.703235
120 23.012675
121 23.241923
122 23.397791
123 23.486813
124 23.515238
125 23.489026
126 23.413838
127 23.295043
128 23.137708
129 22.946607
130 22.726221
131 22.480744
132 22.214084
133 21.929876
134 21.631487
135 21.322022
136 21.004334
137 20.681035
138 20.354507
139 20.026905
140 19.700176
141 19.376065
142 19.056125
143 18.741729
144 18.434082
145 18.058654
146 17.657559
147 17.254292
148 16.849770
149 16.444839
150 16.040280
151 15.636820
152 15.235131
153 14.835845
154 14.439557
155 14.046830
156 13.658199
157 13.274182
158 12.895277
159 12.521970
160 12.154739
161 11.674817
162 10.731307
163 9.720732
164 8.633655
165 7.467865
166 6.221186
167 4.891472
168 3.476617
169 1.974560
170 0.428042
171 -1.109541
172 -2.722024
173 -4.412645
174 -6.184507
175 -8.040560
176 -9.983590
177 -12.016210
178 -14.140842
179 -16.359709
180 -18.657469
181 -19.884918
182 -20.980718
183 -21.928333
184 -22.737408
185 -23.417392
186 -23.977504
187 -24.426705
188 -24.773674
189 -25.026786
190 -25.194097
191 -25.283331
192 -25.301870
193 -25.256748
194 -25.154646
195 -25.001888
196 -24.804447
197 -24.567940
198 -24.297638
199 -23.998470
200 -23.675028
201 -23.331576
202 -22.972062
203 -22.600124
204 -22.219102
205 -21.832050
206 -21.441748
207 -21.050714
208 -20.661214
209 -20.275279
210 -19.894713
211 -19.521109
212 -19.155860
213 -18.800170
214 -18.455069
215 -18.121425
216 -17.799951
217 -17.428591
218 -17.013752
219 -16.600428
220 -16.189198
221 -15.780591
222 -15.375088
223 -14.973133
224 -14.575138
225 -14.181492
226 -13.792563
227 -13.408706
228 -13.030267
229 -12.657588
230 -12.291010
231 -11.930875
232 -11.008524
233 -9.983544
234 -8.880189
235 -7.696279
236 -6.429622
237 -5.078061
238 -3.639482
239 -2.111822
240 -0.493077
241 1.159304
242 2.811420
243 4.540742
244 6.350414
245 8.243425
246 10.222605
247 12.290606
248 14.449891
249 16.702720
250 18.838566
251 20.062485
252 21.145674
253 22.081024
254 22.878217
255 23.546729
256 24.095802
257 24.534415
258 24.871261
259 25.114724
260 25.272867
261 25.353417
262 25.363756
263 25.310914
264 25.201568
265 25.042035
266 24.838276
267 24.595900
268 24.320165
269 24.015986
270 23.687941
271 23.340278
272 22.976930
273 22.601516
274 22.217362
275 21.827504
276 21.434706
277 21.041466
278 20.650035
279 20.262427
280 19.880429
281 19.505617
282 19.139369
283 18.782874
284 18.437146
285 18.103039
286 17.781252
287 17.472347
288 17.122207
289 16.720251
290 16.320118
291 15.922287
292 15.527194
293 15.135239
294 14.746789
295 14.362192
296 13.981776
297 13.605859
298 13.234749
299 12.868754
300 12.508182
301 12.142405
302 11.180975
303 10.152403
304 9.044542
305 7.855136
306 6.581977
307 5.222895
308 3.775767
309 2.238525
310 0.609160
311 -1.114264
312 -2.836661
313 -4.589751
314 -6.422197
315 -8.337004
316 -10.337016
317 -12.424903
318 -14.603148
319 -16.874031
320 -18.928622
321 -20.152066
322 -21.230144
323 -22.160426
324 -22.952616
325 -23.616214
326 -24.160478
327 -24.594406
328 -24.926703
329 -25.165765
330 -25.319665
331 -25.396139
332 -25.402573
333 -25.346003
334 -25.233108
335 -25.070207
336 -24.863264
337 -24.617884
338 -24.339325
339 -24.032500
340 -23.701982
341 -23.352019
342 -22.986536
343 -22.609150
344 -22.223179
345 -21.831655
346 -21.437336
347 -21.042714
348 -20.650034
349 -20.261302
350 -19.878301
351 -19.502599
352 -19.135567
353 -18.778388
354 -18.432072
355 -18.097463
356 -17.775257
357 -17.466009
358 -17.170145
359 -16.800468
360 -16.407968
361 -16.017567
362 -15.629668
363 -15.244641
364 -14.862826
365 -14.484542
366 -14.110088
367 -13.739757
368 -13.373833
369 -13.012598
370 -12.656339
371 -12.237994
372 -11.274459
373 -10.240920
374 -9.127312
375 -7.931368
376 -6.650865
377 -5.283624
378 -3.827514
379 -2.280459
380 -0.640450
381 1.094451
382 2.904237
383 4.677820
384 6.530172
385 8.464304
386 10.483066
387 12.589138
388 14.785009
389 17.072969
390 19.034056
391 20.254156
392 21.324160
393 22.246657
394 23.031365
395 23.687793
396 24.225211
397 24.652621
398 24.978730
399 25.211938
400 25.360317
401 25.431597
402 25.433164
403 25.372047
404 25.254918
405 25.088088
406 24.877511
407 24.628786
408 24.347158
409 24.037529
410 23.704463
411 23.352195
412 22.984638
413 22.605399
414 22.217783
415 21.824810
416 21.429227
417 21.033514
418 20.639904
419 20.250394
420 19.866753
421 19.490542
422 19.123120
423 18.765660
424 18.419162
425 18.084462
426 17.762248
427 17.453065
428 17.157331
429 16.842213
430 16.455191
431 16.070151
432 15.687475
433 15.307508
434 14.930571
435 14.556959
436 14.186954
437 13.820827
438 13.458846
439 13.101274
440 12.748383
441 12.274927
442 11.308348
443 10.269099
444 9.149170
445 7.946286
446 6.658218
447 5.282778
448 3.817831
449 2.261299
450 0.611170
451 -1.134493
452 -2.977540
453 -4.791495
454 -6.660584
455 -8.611125
456 -10.645968
457 -12.767792
458 -14.979087
459 -17.282142
460 -19.144318
461 -20.358894
462 -21.418750
463 -22.331593
464 -23.107144
465 -23.754915
466 -24.284174
467 -24.703917
468 -25.022846
469 -25.249352
470 -25.391494
471 -25.456994
472 -25.453221
473 -25.387191
474 -25.265559
475 -25.094622
476 -24.880316
477 -24.628222
478 -24.343569
479 -24.031240
480 -23.695783
481 -23.341413
482 -22.972027
483 -22.591214
484 -22.202263
485 -21.808177
486 -21.411686
487 -21.015255
488 -20.621103
489 -20.231210
490 -19.847334
491 -19.471019
492 -19.103613
493 -18.746277
494 -18.400000
495 -18.065606
496 -17.743772
497 -17.435034
498 -17.139803
499 -16.858370
