0 0.000000
1 0.166667
2 0.175027
3 0.206736
4 0.257853
5 0.324728
6 0.404682
7 0.495764
8 0.594989
9 0.698085
10 0.793941
11 0.878871
12 0.953502
13 1.018455
14 1.074343
15 1.121767
16 1.161317
17 1.193565
18 1.219067
19 1.238363
20 1.251969
21 1.260385
22 1.264086
23 1.263529
24 1.259146
25 1.251348
26 1.240524
27 1.227039
28 1.211239
29 1.193446
30 1.173959
31 1.153061
32 1.131010
33 1.108047
34 1.084393
35 1.060249
36 1.035801
37 1.011217
38 0.986648
39 0.962231
40 0.938086
41 0.914323
42 0.891036
43 0.868307
44 0.846208
45 0.824799
46 0.804130
47 0.784243
48 0.765169
49 0.746935
50 0.729558
51 0.713047
52 0.697410
53 0.682644
54 0.668746
55 0.655705
56 0.643508
57 0.632138
58 0.621575
59 0.611798
60 0.602781
61 0.594499
62 0.586923
63 0.580026
64 0.573776
65 0.568145
66 0.563100
67 0.558611
68 0.554648
69 0.551179
70 0.548173
71 0.545602
72 0.543435
73 0.541644
74 0.540200
75 0.535497
76 0.527924
77 0.517860
78 0.505623
79 0.491482
80 0.475669
81 0.458386
82 0.439810
83 0.420098
84 0.399395
85 0.377832
86 0.355530
87 0.332605
88 0.309167
89 0.285322
90 0.260891
91 0.235709
92 0.209934
93 0.183693
94 0.157083
95 0.130180
96 0.103044
97 0.075725
98 0.048267
99 0.020704
100 0.000000
101 0.000000
102 0.000000
103 0.000000
104 0.000000
105 0.000000
106 0.000000
107 0.000000
108 0.000000
109 0.000000
110 0.000000
111 0.000000
112 0.000000
113 0.000000
114 0.000000
115 0.000000
116 0.000000
117 0.000000
118 0.000000
119 0.000000
120 0.000000
121 0.000000
122 0.000000
123 0.000000
124 0.000000
125 0.000000
126 0.000000
127 0.000000
128 0.000000
129 0.000000
130 0.000000
131 0.000000
132 0.000000
133 0.000000
134 0.000000
135 0.000000
136 0.000000
137 0.000000
138 0.000000
139 0.000000
140 0.000000
141 0.000000
142 0.000000
143 0.000000
144 0.000000
145 0.018893
146 0.044013
147 0.069104
148 0.094361
149 0.119933
150 0.145927
151 0.172417
152 0.199449
153 0.227047
154 0.255213
155 0.283933
156 0.313182
157 0.342918
158 0.373091
159 0.403644
160 0.434508
161 0.465611
162 0.496874
163 0.528253
164 0.559873
165 0.591826
166 0.624163
167 0.656913
168 0.690084
169 0.723672
170 0.757664
171 0.790646
172 0.819763
173 0.845332
174 0.867654
175 0.887023
176 0.903720
177 0.918014
178 0.930164
179 0.940415
180 0.949001
181 0.956119
182 0.960361
183 0.961994
184 0.961270
185 0.958433
186 0.953712
187 0.947323
188 0.939471
189 0.930348
190 0.920132
191 0.908992
192 0.897083
193 0.884550
194 0.871526
195 0.858133
196 0.844485
197 0.830683
198 0.816820
199 0.802981
200 0.789240
201 0.775665
202 0.762314
203 0.749241
204 0.736491
205 0.724101
206 0.712107
207 0.700534
208 0.689406
209 0.678739
210 0.668548
211 0.658840
212 0.649623
213 0.640897
214 0.632663
215 0.624916
216 0.617652
217 0.610862
218 0.602579
219 0.591436
220 0.577757
221 0.561817
222 0.543852
223 0.524068
224 0.502650
225 0.479761
226 0.455552
227 0.430163
228 0.403727
229 0.376368
230 0.348209
231 0.319370
232 0.289966
233 0.259325
234 0.227594
235 0.194948
236 0.161512
237 0.127382
238 0.092631
239 0.057315
240 0.021477
241 0.000000
242 0.000000
243 0.000000
244 0.000000
245 0.000000
246 0.000000
247 0.000000
248 0.000000
249 0.000000
250 0.000000
251 0.000000
252 0.000000
253 0.000000
254 0.000000
255 0.000000
256 0.000000
257 0.000000
258 0.000000
259 0.000000
260 0.000000
261 0.000000
262 0.000000
263 0.000000
264 0.000000
265 0.000000
266 0.000000
267 0.000000
268 0.000000
269 0.000000
270 0.000000
271 0.000000
272 0.000000
273 0.000000
274 0.000000
275 0.000000
276 0.000000
277 0.000000
278 0.000000
279 0.000000
280 0.000000
281 0.000000
282 0.000000
283 0.000000
284 0.000000
285 0.000000
286 0.000000
287 0.000000
288 0.013637
289 0.041931
290 0.069839
291 0.097619
292 0.125469
293 0.153535
294 0.181922
295 0.210699
296 0.239910
297 0.269572
298 0.299682
299 0.330221
300 0.361156
301 0.392442
302 0.424021
303 0.455833
304 0.488035
305 0.520747
306 0.554045
307 0.587974
308 0.622555
309 0.657793
310 0.693682
311 0.730209
312 0.767354
313 0.802067
314 0.832874
315 0.860086
316 0.884008
317 0.904932
318 0.923141
319 0.938903
320 0.952480
321 0.963684
322 0.971558
323 0.976392
324 0.978466
325 0.978048
326 0.975392
327 0.970738
328 0.964314
329 0.956335
330 0.947002
331 0.936506
332 0.925021
333 0.912712
334 0.899732
335 0.886221
336 0.872309
337 0.858113
338 0.843743
339 0.829296
340 0.814861
341 0.800518
342 0.786339
343 0.772385
344 0.758713
345 0.745371
346 0.732401
347 0.719837
348 0.707709
349 0.696041
350 0.684852
351 0.674157
352 0.663965
353 0.654283
354 0.645114
355 0.636458
356 0.628310
357 0.620666
358 0.613518
359 0.606855
360 0.597932
361 0.586169
362 0.571890
363 0.555374
364 0.536860
365 0.516556
366 0.494648
367 0.471302
368 0.446672
369 0.420900
370 0.394119
371 0.366457
372 0.337943
373 0.307954
374 0.276705
375 0.244360
376 0.211041
377 0.176839
378 0.141822
379 0.106044
380 0.069548
381 0.032368
382 0.000000
383 0.000000
384 0.000000
385 0.000000
386 0.000000
387 0.000000
388 0.000000
389 0.000000
390 0.000000
391 0.000000
392 0.000000
393 0.000000
394 0.000000
395 0.000000
396 0.000000
397 0.000000
398 0.000000
399 0.000000
400 0.000000
401 0.000000
402 0.000000
403 0.000000
404 0.000000
405 0.000000
406 0.000000
407 0.000000
408 0.000000
409 0.000000
410 0.000000
411 0.000000
412 0.000000
413 0.000000
414 0.000000
415 0.000000
416 0.000000
417 0.000000
418 0.000000
419 0.000000
420 0.000000
421 0.000000
422 0.000000
423 0.000000
424 0.000000
425 0.000000
426 0.000000
427 0.000000
428 0.000000
429 0.008284
430 0.036995
431 0.065221
432 0.093240
433 0.121264
434 0.149452
435 0.177919
436 0.206744
437 0.235977
438 0.265640
439 0.295737
440 0.326252
441 0.357155
442 0.388403
443 0.419986
444 0.452070
445 0.484775
446 0.518179
447 0.552329
448 0.587248
449 0.622945
450 0.659416
451 0.696649
452 0.734629
453 0.773335
454 0.808736
455 0.840233
456 0.868136
457 0.892746
458 0.914355
459 0.933243
460 0.949680
461 0.963182
462 0.973123
463 0.979807
464 0.983526
465 0.984558
466 0.983168
467 0.979610
468 0.974121
469 0.966927
470 0.958242
471 0.948264
472 0.937179
473 0.925162
474 0.912375
475 0.898966
476 0.885074
477 0.870825
478 0.856335
479 0.841710
480 0.827046
481 0.812428
482 0.797935
483 0.783634
484 0.769587
485 0.755847
486 0.742459
487 0.729464
488 0.716895
489 0.704778
490 0.693137
491 0.681989
492 0.671346
493 0.661217
494 0.651607
495 0.642517
496 0.633947
497 0.625891
498 0.618343
499 0.611294
