0 0.000000
1 0.875000
2 0.735223
3 0.606961
4 0.487384
5 0.372612
6 0.259747
7 0.146627
8 0.031642
9 0.000000
10 0.000000
11 0.000000
12 0.000000
13 0.000000
14 0.000000
15 0.000000
16 0.000000
17 0.000000
18 0.000000
19 0.000000
20 0.000000
21 0.000000
22 0.000000
23 0.000000
24 0.000000
25 0.000000
26 0.000000
27 0.000000
28 0.000000
29 0.000000
30 0.000000
31 0.000000
32 0.000000
33 0.000000
34 0.000000
35 0.000000
36 0.000000
37 0.000000
38 0.000000
39 0.000000
40 0.000000
41 0.000000
42 0.000000
43 0.000000
44 0.000000
45 0.000000
46 0.000000
47 0.000000
48 0.000000
49 0.000000
50 0.000000
51 0.000000
52 0.000000
53 0.000000
54 0.000000
55 0.000000
56 0.000000
57 0.000000
58 0.000000
59 0.000000
60 0.000000
61 0.000000
62 0.000000
63 0.000000
64 0.000000
65 0.000000
66 0.000000
67 0.000000
68 0.000000
69 0.000000
70 0.000000
71 0.000000
72 0.000000
73 0.000000
74 0.028651
75 0.056461
76 0.083374
77 0.109692
78 0.135648
79 0.161422
80 0.187150
81 0.212928
82 0.238823
83 0.264876
84 0.291107
85 0.317518
86 0.344097
87 0.370818
88 0.397646
89 0.424536
90 0.451436
91 0.478358
92 0.505381
93 0.532562
94 0.559928
95 0.587486
96 0.615229
97 0.643141
98 0.671200
99 0.699378
100 0.727649
101 0.755117
102 0.779236
103 0.800275
104 0.818494
105 0.834146
106 0.847472
107 0.858706
108 0.868070
109 0.875776
110 0.882027
111 0.887015
112 0.890918
113 0.893909
114 0.894996
115 0.894158
116 0.891594
117 0.887494
118 0.882035
119 0.875384
120 0.867700
121 0.859131
122 0.849812
123 0.839873
124 0.829432
125 0.818598
126 0.807471
127 0.796144
128 0.784700
129 0.773215
130 0.761758
131 0.750390
132 0.739166
133 0.728134
134 0.717337
135 0.706812
136 0.696590
137 0.686698
138 0.677158
139 0.667989
140 0.659203
141 0.650812
142 0.642823
143 0.635241
144 0.628066
145 0.621297
146 0.612571
147 0.601309
148 0.587775
149 0.572192
150 0.554755
151 0.535634
152 0.514983
153 0.492939
154 0.469632
155 0.445183
156 0.419707
157 0.393315
158 0.366117
159 0.338221
160 0.309733
161 0.280761
162 0.251246
163 0.220679
164 0.189253
165 0.157114
166 0.124375
167 0.091119
168 0.057408
169 0.023293
170 0.000000
171 0.000000
172 0.000000
173 0.000000
174 0.000000
175 0.000000
176 0.000000
177 0.000000
178 0.000000
179 0.000000
180 0.000000
181 0.000000
182 0.000000
183 0.000000
184 0.000000
185 0.000000
186 0.000000
187 0.000000
188 0.000000
189 0.000000
190 0.000000
191 0.000000
192 0.000000
193 0.000000
194 0.000000
195 0.000000
196 0.000000
197 0.000000
198 0.000000
199 0.000000
200 0.000000
201 0.000000
202 0.000000
203 0.000000
204 0.000000
205 0.000000
206 0.000000
207 0.000000
208 0.000000
209 0.000000
210 0.000000
211 0.000000
212 0.000000
213 0.000000
214 0.000000
215 0.000000
216 0.000000
217 0.015658
218 0.043526
219 0.071082
220 0.098571
221 0.126179
222 0.154046
223 0.182269
224 0.210913
225 0.240016
226 0.269593
227 0.299637
228 0.330128
229 0.361030
230 0.392294
231 0.423865
232 0.455676
233 0.487652
234 0.519927
235 0.552619
236 0.585802
237 0.619518
238 0.653787
239 0.688610
240 0.723982
241 0.759885
242 0.794445
243 0.825059
244 0.852044
245 0.875707
246 0.896342
247 0.914234
248 0.929657
249 0.942871
250 0.954126
251 0.963363
252 0.969469
253 0.972726
254 0.973404
255 0.971758
256 0.968033
257 0.962459
258 0.955255
259 0.946626
260 0.936763
261 0.925847
262 0.914045
263 0.901513
264 0.888394
265 0.874823
266 0.860919
267 0.846796
268 0.832554
269 0.818285
270 0.804073
271 0.789990
272 0.776103
273 0.762471
274 0.749143
275 0.736164
276 0.723571
277 0.711396
278 0.699666
279 0.688400
280 0.677616
281 0.667325
282 0.657535
283 0.648250
284 0.639472
285 0.631199
286 0.623426
287 0.616145
288 0.609349
289 0.601322
290 0.590368
291 0.576825
292 0.560978
293 0.543074
294 0.523326
295 0.501925
296 0.479040
297 0.454825
298 0.429425
299 0.402975
300 0.375601
301 0.347429
302 0.318564
303 0.288291
304 0.256829
305 0.224344
306 0.190962
307 0.156775
308 0.121853
309 0.086252
310 0.050014
311 0.013175
312 0.000000
313 0.000000
314 0.000000
315 0.000000
316 0.000000
317 0.000000
318 0.000000
319 0.000000
320 0.000000
321 0.000000
322 0.000000
323 0.000000
324 0.000000
325 0.000000
326 0.000000
327 0.000000
328 0.000000
329 0.000000
330 0.000000
331 0.000000
332 0.000000
333 0.000000
334 0.000000
335 0.000000
336 0.000000
337 0.000000
338 0.000000
339 0.000000
340 0.000000
341 0.000000
342 0.000000
343 0.000000
344 0.000000
345 0.000000
346 0.000000
347 0.000000
348 0.000000
349 0.000000
350 0.000000
351 0.000000
352 0.000000
353 0.000000
354 0.000000
355 0.000000
356 0.000000
357 0.000000
358 0.000000
359 0.021876
360 0.050197
361 0.078190
362 0.106098
363 0.134106
364 0.162348
365 0.190921
366 0.219888
367 0.249284
368 0.279122
369 0.309395
370 0.340081
371 0.371141
372 0.402529
373 0.434208
374 0.466342
375 0.499050
376 0.532411
377 0.566470
378 0.601251
379 0.636760
380 0.672993
381 0.709938
382 0.747577
383 0.785206
384 0.818737
385 0.848486
386 0.874763
387 0.897866
388 0.918081
389 0.935686
390 0.950945
391 0.963529
392 0.972643
393 0.978587
394 0.981646
395 0.982096
396 0.980197
397 0.976197
398 0.970330
399 0.962819
400 0.953870
401 0.943680
402 0.932430
403 0.920292
404 0.907422
405 0.893967
406 0.880062
407 0.865829
408 0.851382
409 0.836823
410 0.822246
411 0.807733
412 0.793360
413 0.779194
414 0.765292
415 0.751707
416 0.738482
417 0.725655
418 0.713258
419 0.701318
420 0.689854
421 0.678883
422 0.668418
423 0.658465
424 0.649028
425 0.640109
426 0.631706
427 0.623812
428 0.616422
429 0.609526
430 0.602076
431 0.591598
432 0.578448
433 0.562927
434 0.545293
435 0.525771
436 0.504559
437 0.481833
438 0.457752
439 0.432465
440 0.406110
441 0.378818
442 0.350540
443 0.320744
444 0.289643
445 0.257397
446 0.224126
447 0.189918
448 0.154842
449 0.118948
450 0.082279
451 0.044869
452 0.006748
453 0.000000
454 0.000000
455 0.000000
456 0.000000
457 0.000000
458 0.000000
459 0.000000
460 0.000000
461 0.000000
462 0.000000
463 0.000000
464 0.000000
465 0.000000
466 0.000000
467 0.000000
468 0.000000
469 0.000000
470 0.000000
471 0.000000
472 0.000000
473 0.000000
474 0.000000
475 0.000000
476 0.000000
477 0.000000
478 0.000000
479 0.000000
480 0.000000
481 0.000000
482 0.000000
483 0.000000
484 0.000000
485 0.000000
486 0.000000
487 0.000000
488 0.000000
489 0.000000
490 0.000000
491 0.000000
492 0.000000
493 0.000000
494 0.000000
495 0.000000
496 0.000000
497 0.000000
498 0.000000
499 0.000000
