0 0.000000
1 0.166667
2 0.172943
3 0.201574
4 0.248645
5 0.311146
6 0.386832
7 0.474029
8 0.571490
9 0.678291
10 0.776228
11 0.863130
12 0.939621
13 1.006324
14 1.063854
15 1.112813
16 1.153793
17 1.187369
18 1.214100
19 1.234528
20 1.249174
21 1.258539
22 1.263106
23 1.263331
24 1.259653
25 1.252486
26 1.242223
27 1.229233
28 1.213866
29 1.196446
30 1.177279
31 1.156650
32 1.134820
33 1.112035
34 1.088517
35 1.064474
36 1.040093
37 1.015544
38 0.990983
39 0.966548
40 0.942365
41 0.918542
42 0.895177
43 0.872356
44 0.850150
45 0.828623
46 0.807827
47 0.787805
48 0.768591
49 0.750210
50 0.732683
51 0.716020
52 0.700229
53 0.685310
54 0.671258
55 0.658065
56 0.645718
57 0.634201
58 0.623494
59 0.613577
60 0.604424
61 0.596011
62 0.588309
63 0.581289
64 0.574924
65 0.569181
66 0.564031
67 0.559442
68 0.555384
69 0.551825
70 0.548736
71 0.546086
72 0.543845
73 0.541986
74 0.540479
75 0.538104
76 0.534975
77 0.531199
78 0.524322
79 0.513820
80 0.500052
81 0.483302
82 0.463796
83 0.441716
84 0.417212
85 0.390407
86 0.361411
87 0.330320
88 0.297224
89 0.262210
90 0.225363
91 0.186772
92 0.146524
93 0.104703
94 0.061393
95 0.016682
96 0.000000
97 0.000000
98 0.000000
99 0.000000
100 0.000000
101 0.000000
102 0.000000
103 0.000000
104 0.000000
105 0.000000
106 0.000000
107 0.000000
108 0.000000
109 0.000000
110 0.000000
111 0.000000
112 0.000000
113 0.000000
114 0.000000
115 0.000000
116 0.000000
117 0.000000
118 0.000000
119 0.000000
120 0.000000
121 0.000000
122 0.000000
123 0.000000
124 0.000000
125 0.000000
126 0.000000
127 0.000000
128 0.000000
129 0.000000
130 0.000000
131 0.000000
132 0.000000
133 0.000000
134 0.000000
135 0.000000
136 0.000000
137 0.000000
138 0.000000
139 0.000000
140 0.000000
141 0.000000
142 0.000000
143 0.000000
144 0.000000
145 0.000000
146 0.016038
147 0.043148
148 0.070133
149 0.097438
150 0.125420
151 0.154360
152 0.184478
153 0.215949
154 0.248902
155 0.283436
156 0.319618
157 0.357492
158 0.397078
159 0.438380
160 0.481381
161 0.526049
162 0.572336
163 0.620189
164 0.669565
165 0.720401
166 0.770070
167 0.814848
168 0.855026
169 0.890889
170 0.922714
171 0.950308
172 0.972991
173 0.991131
174 1.005086
175 1.015199
176 1.021803
177 1.025213
178 1.025734
179 1.023654
180 1.019248
181 1.012775
182 1.004479
183 0.994593
184 0.983330
185 0.970895
186 0.957475
187 0.943244
188 0.928364
189 0.912985
190 0.897242
191 0.881262
192 0.865157
193 0.849030
194 0.832975
195 0.817074
196 0.801400
197 0.786018
198 0.770987
199 0.756353
200 0.742159
201 0.728441
202 0.715228
203 0.702541
204 0.690401
205 0.678818
206 0.667803
207 0.657359
208 0.647488
209 0.638186
210 0.629450
211 0.621270
212 0.613636
213 0.606536
214 0.599956
215 0.593881
216 0.588292
217 0.583174
218 0.574852
219 0.562624
220 0.546929
221 0.528105
222 0.506417
223 0.482068
224 0.455221
225 0.426005
226 0.394526
227 0.360873
228 0.325125
229 0.287355
230 0.247636
231 0.206039
232 0.162637
233 0.117512
234 0.070748
235 0.022425
236 0.000000
237 0.000000
238 0.000000
239 0.000000
240 0.000000
241 0.000000
242 0.000000
243 0.000000
244 0.000000
245 0.000000
246 0.000000
247 0.000000
248 0.000000
249 0.000000
250 0.000000
251 0.000000
252 0.000000
253 0.000000
254 0.000000
255 0.000000
256 0.000000
257 0.000000
258 0.000000
259 0.000000
260 0.000000
261 0.000000
262 0.000000
263 0.000000
264 0.000000
265 0.000000
266 0.000000
267 0.000000
268 0.000000
269 0.000000
270 0.000000
271 0.000000
272 0.000000
273 0.000000
274 0.000000
275 0.000000
276 0.000000
277 0.000000
278 0.000000
279 0.000000
280 0.000000
281 0.000000
282 0.000000
283 0.000000
284 0.000000
285 0.000000
286 0.000000
287 0.000000
288 0.026076
289 0.054053
290 0.081609
291 0.109270
292 0.137450
293 0.166474
294 0.196596
295 0.228011
296 0.260868
297 0.295275
298 0.331310
299 0.369022
300 0.408435
301 0.449555
302 0.492368
303 0.536842
304 0.582968
305 0.630713
306 0.680027
307 0.730848
308 0.779387
309 0.823188
310 0.862540
311 0.897727
312 0.929027
313 0.955699
314 0.977523
315 0.994865
316 1.008082
317 1.017515
318 1.023494
319 1.026333
320 1.026334
321 1.023784
322 1.018954
323 1.012101
324 1.003468
325 0.993284
326 0.981762
327 0.969101
328 0.955488
329 0.941096
330 0.926083
331 0.910596
332 0.894771
333 0.878730
334 0.862584
335 0.846436
336 0.830376
337 0.814484
338 0.798834
339 0.783488
340 0.768502
341 0.753924
342 0.739794
343 0.726146
344 0.713009
345 0.700403
346 0.688347
347 0.676852
348 0.665927
349 0.655574
350 0.645795
351 0.636586
352 0.627941
353 0.619852
354 0.612308
355 0.605297
356 0.598803
357 0.592812
358 0.587305
359 0.582265
360 0.573176
361 0.560236
362 0.543870
363 0.524406
364 0.502098
365 0.477146
366 0.449705
367 0.419901
368 0.387839
369 0.353607
370 0.317283
371 0.278942
372 0.238656
373 0.196499
374 0.152545
375 0.106862
376 0.059511
377 0.010557
378 0.000000
379 0.000000
380 0.000000
381 0.000000
382 0.000000
383 0.000000
384 0.000000
385 0.000000
386 0.000000
387 0.000000
388 0.000000
389 0.000000
390 0.000000
391 0.000000
392 0.000000
393 0.000000
394 0.000000
395 0.000000
396 0.000000
397 0.000000
398 0.000000
399 0.000000
400 0.000000
401 0.000000
402 0.000000
403 0.000000
404 0.000000
405 0.000000
406 0.000000
407 0.000000
408 0.000000
409 0.000000
410 0.000000
411 0.000000
412 0.000000
413 0.000000
414 0.000000
415 0.000000
416 0.000000
417 0.000000
418 0.000000
419 0.000000
420 0.000000
421 0.000000
422 0.000000
423 0.000000
424 0.000000
425 0.000000
426 0.000000
427 0.000000
428 0.000000
429 0.006891
430 0.035514
431 0.063435
432 0.091243
433 0.119403
434 0.148282
435 0.178168
436 0.209283
437 0.241797
438 0.275839
439 0.311499
440 0.348839
441 0.387895
442 0.428680
443 0.471194
444 0.515448
445 0.561428
446 0.609103
447 0.658428
448 0.709349
449 0.760690
450 0.807158
451 0.849045
452 0.886639
453 0.920221
454 0.948732
455 0.972249
456 0.991143
457 1.005775
458 1.016494
459 1.023634
460 1.027517
461 1.028450
462 1.026725
463 1.022621
464 1.016400
465 1.008311
466 0.998589
467 0.987452
468 0.975106
469 0.961743
470 0.947539
471 0.932660
472 0.917257
473 0.901469
474 0.885424
475 0.869238
476 0.853015
477 0.836851
478 0.820830
479 0.805028
480 0.789511
481 0.774337
482 0.759558
483 0.745215
484 0.731345
485 0.717979
486 0.705140
487 0.692848
488 0.681115
489 0.669952
490 0.659363
491 0.649351
492 0.639912
493 0.631041
494 0.622732
495 0.614974
496 0.607756
497 0.601062
498 0.594878
499 0.589186
