0 -0.000000
1 -24.083333
2 -19.046675
3 -13.612547
4 -7.813013
5 -1.640089
6 4.913884
7 10.650017
8 14.114486
9 16.920416
10 19.402391
11 21.605082
12 23.544331
13 25.235860
14 26.695191
15 27.937580
16 28.977963
17 29.830899
18 30.510529
19 31.030538
20 31.404124
21 31.643976
22 31.762250
23 31.770558
24 31.679955
25 31.500935
26 31.243430
27 30.916807
28 30.529877
29 30.090900
30 29.607591
31 29.087138
32 28.536210
33 27.960973
34 27.367110
35 26.759830
36 26.143895
37 25.523634
38 24.902962
39 24.285403
40 23.674105
41 23.071865
42 22.481147
43 21.904101
44 21.342583
45 20.798175
46 20.272203
47 19.765756
48 19.279703
49 18.814712
50 18.371264
51 17.949671
52 17.550092
53 17.172545
54 16.816924
55 16.483009
56 16.170483
57 15.878937
58 15.607891
59 15.356793
60 15.125040
61 14.911976
62 14.716911
63 14.539122
64 14.377861
65 14.232364
66 14.101857
67 13.985556
68 13.882682
69 13.792454
70 13.714102
71 13.646867
72 13.590004
73 13.542783
74 13.504498
75 13.469684
76 13.438235
77 13.328647
78 13.185680
79 13.033451
80 12.871250
81 12.698445
82 12.514481
83 12.318884
84 12.111265
85 11.891318
86 11.658830
87 11.413677
88 11.155825
89 10.660719
90 9.932273
91 9.139009
92 8.279659
93 7.352747
94 6.356871
95 5.290700
96 4.270352
97 3.263553
98 2.209761
99 1.106108
100 -0.050211
101 -1.260779
102 -2.524893
103 -3.845514
104 -5.225484
105 -6.667521
106 -8.174205
107 -9.747967
108 -11.391078
109 -13.105638
110 -14.893568
111 -16.756596
112 -18.430605
113 -19.409345
114 -20.266727
115 -21.003999
116 -21.629152
117 -22.149999
118 -22.574151
119 -22.908989
120 -23.161655
121 -23.339025
122 -23.447709
123 -23.494030
124 -23.484025
125 -23.423437
126 -23.317714
127 -23.172003
128 -22.991161
129 -22.779749
130 -22.542038
131 -22.282017
132 -22.003398
133 -21.709620
134 -21.403861
135 -21.089047
136 -20.767858
137 -20.442738
138 -20.115908
139 -19.789374
140 -19.464937
141 -19.144206
142 -18.828605
143 -18.519387
144 -18.217642
145 -17.924307
146 -17.572878
147 -17.175100
148 -16.771829
149 -16.363236
150 -15.949433
151 -15.530487
152 -15.106431
153 -14.677274
154 -14.243015
155 -13.803651
156 -13.359185
157 -12.909638
158 -12.455059
159 -11.995529
160 -11.531172
161 -10.703789
162 -9.612788
163 -8.437416
164 -7.176063
165 -5.908536
166 -4.685146
167 -3.400538
168 -2.051252
169 -0.633904
170 0.854797
171 2.416179
172 4.049545
173 5.758299
174 7.545696
175 9.414823
176 11.368594
177 13.409730
178 15.540749
179 17.763952
180 19.502810
181 20.632393
182 21.612333
183 22.452243
184 23.161547
185 23.749455
186 24.224925
187 24.596642
188 24.872996
189 25.062066
190 25.171602
191 25.209020
192 25.181393
193 25.095441
194 24.957535
195 24.773695
196 24.549588
197 24.290538
198 24.001525
199 23.687196
200 23.351869
201 22.999545
202 22.633917
203 22.258379
204 21.876037
205 21.489722
206 21.102004
207 20.715198
208 20.331381
209 19.952406
210 19.579908
211 19.215323
212 18.859897
213 18.514698
214 18.180632
215 17.858446
216 17.548750
217 17.155959
218 16.746075
219 16.334070
220 15.919833
221 15.503209
222 15.084007
223 14.662014
224 14.237004
225 13.808753
226 13.377043
227 12.941677
228 12.502487
229 12.059341
230 11.612152
231 10.913120
232 9.822513
233 8.647958
234 7.386387
235 6.035874
236 4.704104
237 3.388816
238 2.009066
239 0.561454
240 -0.957331
241 -2.550499
242 -4.218675
243 -5.961391
244 -7.781939
245 -9.683447
246 -11.668866
247 -13.740957
248 -15.902276
249 -18.155160
250 -19.706786
251 -20.819738
252 -21.783676
253 -22.608238
254 -23.302870
255 -23.876793
256 -24.338977
257 -24.698109
258 -24.962579
259 -25.140462
260 -25.239502
261 -25.267103
262 -25.230323
263 -25.135868
264 -24.990092
265 -24.798992
266 -24.568218
267 -24.303069
268 -24.008502
269 -23.689141
270 -23.349279
271 -22.992893
272 -22.623649
273 -22.244918
274 -21.859781
275 -21.471046
276 -21.081255
277 -20.692703
278 -20.307442
279 -19.927302
280 -19.553899
281 -19.188645
282 -18.832768
283 -18.487316
284 -18.153175
285 -17.831077
286 -17.521613
287 -17.225242
288 -16.838002
289 -16.441511
290 -16.043133
291 -15.642656
292 -15.239834
293 -14.834394
294 -14.426049
295 -14.014511
296 -13.599497
297 -13.180743
298 -12.758010
299 -12.331095
300 -11.899837
301 -11.150095
302 -10.068470
303 -8.900845
304 -7.645531
305 -6.300529
306 -4.863922
307 -3.452878
308 -2.047916
309 -0.576007
310 0.966176
311 2.581863
312 4.274173
313 6.042063
314 7.886460
315 9.810526
316 11.817249
317 13.909428
318 16.089657
319 18.360314
320 19.822647
321 20.930268
322 21.888793
323 22.707899
324 23.397066
325 23.965549
326 24.422343
327 24.776162
328 25.035418
329 25.208205
330 25.302283
331 25.325071
332 25.283639
333 25.184702
334 25.034623
335 24.839405
336 24.604702
337 24.335815
338 24.037705
339 23.714994
340 23.371976
341 23.012625
342 22.640605
343 22.259283
344 21.871736
345 21.480766
346 21.088913
347 20.698463
348 20.311464
349 19.929739
350 19.554896
351 19.188344
352 18.831300
353 18.484808
354 18.149746
355 17.826838
356 17.516670
357 17.219695
358 16.936246
359 16.551783
360 16.166240
361 15.778732
362 15.388968
363 14.996630
364 14.601383
365 14.202888
366 13.800812
367 13.394839
368 12.984676
369 12.570064
370 12.150788
371 11.352276
372 10.273964
373 9.109053
374 7.855714
375 6.511887
376 5.075597
377 3.544967
378 2.077962
379 0.581244
380 -0.984995
381 -2.623997
382 -4.338897
383 -6.131801
384 -8.000167
385 -9.947185
386 -11.975868
387 -14.089045
388 -16.289338
389 -18.579154
390 -19.944868
391 -21.046014
392 -21.998068
393 -22.810742
394 -23.493552
395 -24.055777
396 -24.506439
397 -24.854274
398 -25.107712
399 -25.274862
400 -25.363498
401 -25.381051
402 -25.334598
403 -25.230863
404 -25.076209
405 -24.876646
406 -24.637827
407 -24.365054
408 -24.063287
409 -23.737144
410 -23.390916
411 -23.028573
412 -22.653775
413 -22.269880
414 -21.879961
415 -21.486813
416 -21.092967
417 -20.700702
418 -20.312060
419 -19.928854
420 -19.552684
421 -19.184952
422 -18.826866
423 -18.479462
424 -18.143610
425 -17.820027
426 -17.509289
427 -17.211844
428 -16.928016
429 -16.630458
430 -16.255100
431 -15.877856
432 -15.498397
433 -15.116367
434 -14.731393
435 -14.343097
436 -13.951107
437 -13.555066
438 -13.154640
439 -12.749529
440 -12.339475
441 -11.490072
442 -10.412295
443 -9.247390
444 -7.993402
445 -6.648229
446 -5.209857
447 -3.676365
448 -2.081447
449 -0.562546
450 1.025313
451 2.685379
452 4.420795
453 6.234587
454 8.124303
455 10.091918
456 12.140464
457 14.272784
458 16.491520
459 18.799095
460 20.064303
461 21.157302
462 22.101408
463 22.906357
464 23.581684
465 24.136689
466 24.580405
467 24.921580
468 25.168654
469 25.329740
470 25.412618
471 25.424717
472 25.373116
473 25.264537
474 25.105339
475 24.901527
476 24.658749
477 24.382300
478 24.077130
479 23.747851
480 23.398743
481 23.033767
482 22.656572
483 22.270508
484 21.878634
485 21.483736
486 21.088334
487 20.694697
488 20.304854
489 19.920609
490 19.543553
491 19.175073
492 18.816371
493 18.468472
494 18.132236
495 17.808373
496 17.497448
497 17.199901
498 16.916048
499 16.646101
