0 -0.000000
1 -24.083333
2 -18.243897
3 -12.137958
4 -5.822464
5 0.689173
6 7.382689
7 14.242898
8 21.253721
9 25.320141
10 28.395187
11 31.109477
12 33.484211
13 35.540351
14 37.298528
15 38.778966
16 40.001400
17 40.985023
18 41.748428
19 42.309567
20 42.685714
21 42.893436
22 42.948572
23 42.866218
24 42.660718
25 42.345657
26 41.933863
27 41.437413
28 40.867639
29 40.235139
30 39.549793
31 38.820782
32 38.056602
33 37.265091
34 36.453447
35 35.628256
36 34.795514
37 33.960654
38 33.128573
39 32.303657
40 31.489810
41 30.690479
42 29.908682
43 29.147033
44 28.407772
45 27.692783
46 27.003627
47 26.341560
48 25.707562
49 25.102355
50 24.526427
51 23.980051
52 23.463309
53 22.976108
54 22.518197
55 22.089187
56 21.688568
57 21.315720
58 20.969930
59 20.650406
60 20.356289
61 20.086662
62 19.840566
63 19.617006
64 19.414960
65 19.233389
66 19.071244
67 18.927474
68 18.362612
69 17.106804
70 15.762330
71 14.331655
72 12.816643
73 11.219462
74 9.542584
75 7.788789
76 5.961166
77 4.063107
78 2.098315
79 0.070790
80 -2.015163
81 -4.154947
82 -6.343673
83 -8.576170
84 -10.846989
85 -13.150413
86 -15.480466
87 -17.830926
88 -20.195330
89 -22.566994
90 -24.930202
91 -26.306961
92 -27.400939
93 -28.339750
94 -29.133795
95 -29.793236
96 -30.327963
97 -30.747569
98 -31.061323
99 -31.278152
100 -31.406625
101 -31.454943
102 -31.430928
103 -31.342016
104 -31.195258
105 -30.997319
106 -30.754474
107 -30.472621
108 -30.157279
109 -29.813597
110 -29.446364
111 -29.060018
112 -28.658656
113 -28.246045
114 -27.825634
115 -27.400570
116 -26.973706
117 -26.547619
118 -26.124619
119 -25.706768
120 -25.295890
121 -24.893585
122 -24.501244
123 -24.120062
124 -23.751051
125 -23.395050
126 -23.052745
127 -22.244460
128 -20.988859
129 -19.633652
130 -18.180601
131 -16.631249
132 -14.987470
133 -13.251475
134 -11.425813
135 -9.513373
136 -7.517387
137 -5.441430
138 -3.289416
139 -1.065600
140 1.225427
141 3.578742
142 5.989096
143 8.450918
144 10.958323
145 13.505123
146 16.084834
147 18.690689
148 21.315647
149 23.952411
150 26.420501
151 27.732510
152 28.884294
153 29.866756
154 30.691478
155 31.369763
156 31.912589
157 32.330587
158 32.634017
159 32.832743
160 32.936222
161 32.953489
162 32.893152
163 32.763385
164 32.571924
165 32.326073
166 32.032701
167 31.698252
168 31.328750
169 30.929805
170 30.506629
171 30.064040
172 29.606481
173 29.138031
174 28.662416
175 28.183028
176 27.702936
177 27.224904
178 26.751405
179 26.284638
180 25.826541
181 25.378808
182 24.942904
183 24.520080
184 24.111387
185 23.717690
186 23.339684
187 22.977905
188 22.423955
189 21.122228
190 19.729054
191 18.236840
192 16.647179
193 14.962016
194 13.183638
195 11.314677
196 9.358109
197 7.317260
198 5.195801
199 2.997750
200 0.727468
201 -1.610339
202 -4.010633
203 -6.468042
204 -8.976869
205 -11.531100
206 -14.124413
207 -16.750187
208 -19.401514
209 -22.071211
210 -24.751833
211 -26.853647
212 -28.146675
213 -29.265673
214 -30.216519
215 -31.010857
216 -31.660032
217 -32.175060
218 -32.566595
219 -32.844909
220 -33.019873
221 -33.100938
222 -33.097131
223 -33.017042
224 -32.868822
225 -32.660179
226 -32.398386
227 -32.090277
228 -31.742256
229 -31.360304
230 -30.949990
231 -30.516479
232 -30.064543
233 -29.598579
234 -29.122616
235 -28.640334
236 -28.155075
237 -27.669861
238 -27.187410
239 -26.710150
240 -26.240232
241 -25.779551
242 -25.329758
243 -24.892278
244 -24.468321
245 -24.058899
246 -23.664842
247 -23.286808
248 -22.925301
249 -22.381639
250 -21.074532
251 -19.676876
252 -18.180248
253 -16.586249
254 -14.896839
255 -13.114317
256 -11.241325
257 -9.280854
258 -7.236240
259 -5.111166
260 -2.909664
261 -0.636105
262 1.704793
263 4.107980
264 6.568073
265 9.079365
266 11.635830
267 14.231136
268 16.858652
269 19.511460
270 22.182368
271 24.863923
272 26.906520
273 28.194125
274 29.306065
275 30.250338
276 31.038578
277 31.682115
278 32.191950
279 32.578722
280 32.852686
281 33.023695
282 33.101183
283 33.094159
284 33.011194
285 32.860421
286 32.649531
287 32.385777
288 32.075976
289 31.726513
290 31.343354
291 30.932049
292 30.497748
293 30.045208
294 29.578808
295 29.102565
296 28.620142
297 28.134871
298 27.649759
299 27.167513
300 26.690548
301 26.221005
302 25.760770
303 25.311484
304 24.874561
305 24.451204
306 24.042418
307 23.649025
308 23.271677
309 22.910871
310 22.338056
311 21.028929
312 19.628521
313 18.129216
314 16.532629
315 14.840728
316 13.055820
317 11.180559
318 9.217942
319 7.171315
320 5.044371
321 2.841148
322 0.566029
323 -1.776264
324 -4.180671
325 -6.641801
326 -9.153940
327 -11.711056
328 -14.306810
329 -16.934565
330 -19.587398
331 -22.258110
332 -24.939244
333 -26.943745
334 -28.227299
335 -29.334144
336 -30.273679
337 -31.057528
338 -31.697012
339 -32.203118
340 -32.586476
341 -32.857327
342 -33.025511
343 -33.100449
344 -33.091137
345 -33.006132
346 -32.853553
347 -32.641078
348 -32.375946
349 -32.064961
350 -31.714496
351 -31.330504
352 -30.918522
353 -30.483688
354 -30.030747
355 -29.564068
356 -29.087657
357 -28.605167
358 -28.119919
359 -27.634912
360 -27.152844
361 -26.676120
362 -26.206876
363 -25.746989
364 -25.298092
365 -24.861595
366 -24.438693
367 -24.030387
368 -23.637492
369 -23.260657
370 -22.900374
371 -22.298964
372 -20.987828
373 -19.584586
374 -18.082500
375 -16.483196
376 -14.788649
377 -13.001179
378 -11.123447
379 -9.158462
380 -7.109578
381 -4.980498
382 -2.775269
383 -0.498284
384 1.845726
385 4.251692
386 6.714215
387 9.227572
388 11.785722
389 14.382318
390 17.010716
391 19.663986
392 22.334922
393 25.016060
394 26.982324
395 28.261968
396 29.363762
397 30.298592
398 31.078070
399 31.713509
400 32.215887
401 32.595820
402 32.863540
403 33.028875
404 33.101233
405 33.089596
406 33.002510
407 32.848080
408 32.633972
409 32.367412
410 32.055190
411 31.703669
412 31.318787
413 30.906071
414 30.470647
415 30.017249
416 29.550235
417 29.073600
418 28.590988
419 28.105709
420 27.620755
421 27.138813
422 26.662281
423 26.193288
424 25.733702
425 25.285151
426 24.849037
427 24.426550
428 24.018685
429 23.626252
430 23.249896
431 22.890103
432 22.261082
433 20.947937
434 19.541848
435 18.036959
436 16.434906
437 14.737677
438 12.947598
439 11.067343
440 9.099929
441 7.048720
442 4.917430
443 2.710116
444 0.431178
445 -1.914641
446 -4.322262
447 -6.786279
448 -9.300958
449 -11.860251
450 -14.457802
451 -17.086958
452 -19.740781
453 -22.412058
454 -25.092244
455 -27.021069
456 -28.296348
457 -29.393135
458 -30.323297
459 -31.098440
460 -31.729868
461 -32.228548
462 -32.605085
463 -32.869701
464 -33.032209
465 -33.102008
466 -33.088065
467 -32.998915
468 -32.842650
469 -32.626922
470 -32.358945
471 -32.045498
472 -31.692929
473 -31.307165
474 -30.893721
475 -30.457712
476 -30.003861
477 -29.536515
478 -29.059657
479 -28.576924
480 -28.091615
481 -27.606713
482 -27.124896
483 -26.648555
484 -26.179811
485 -25.720523
486 -25.272315
487 -24.836581
488 -24.414506
489 -24.007079
490 -23.615105
491 -23.239223
492 -22.879917
493 -22.223493
494 -20.908352
495 -19.499426
496 -17.991743
497 -16.386950
498 -14.687043
499 -12.894361
