0 0.000000
1 42.500000
2 32.195112
3 21.411245
4 10.259967
5 -1.234970
6 -13.048350
7 -25.153361
8 -37.521634
9 -44.676862
10 -50.103976
11 -54.894437
12 -59.085651
13 -62.714611
14 -65.817729
15 -68.430689
16 -70.588323
17 -72.324498
18 -73.672028
19 -74.662592
20 -75.326674
21 -75.693512
22 -75.791058
23 -75.645953
24 -75.283510
25 -74.727704
26 -74.001175
27 -73.125235
28 -72.119880
29 -71.003818
30 -69.794483
31 -68.508077
32 -67.159597
33 -65.762872
34 -64.330608
35 -62.874427
36 -61.404910
37 -59.931647
38 -58.463280
39 -57.007550
40 -55.571347
41 -54.160754
42 -52.781099
43 -51.436995
44 -50.132393
45 -48.870622
46 -47.654435
47 -46.486052
48 -45.367198
49 -44.299151
50 -43.282769
51 -42.318539
52 -41.406604
53 -40.546797
54 -39.738680
55 -38.981566
56 -38.274553
57 -37.616547
58 -37.006292
59 -36.442390
60 -35.923323
61 -35.447477
62 -35.013157
63 -34.618606
64 -34.262023
65 -33.941573
66 -33.655407
67 -33.401668
68 -32.405617
69 -30.191399
70 -27.820868
71 -25.298603
72 -22.627897
73 -19.812572
74 -16.856987
75 -13.766039
76 -10.545165
77 -7.200338
78 -3.738069
79 -0.165398
80 3.510107
81 7.280362
82 11.136773
83 15.070248
84 19.071209
85 23.129609
86 27.234945
87 31.376280
88 35.542258
89 39.721131
90 43.900778
91 46.367193
92 48.304648
93 49.967863
94 51.375197
95 52.544589
96 53.493505
97 54.238880
98 54.797084
99 55.183884
100 55.414414
101 55.503159
102 55.463936
103 55.309885
104 55.053464
105 54.706445
106 54.279922
107 53.784315
108 53.229378
109 52.624214
110 51.977288
111 51.296445
112 50.588928
113 49.861399
114 49.119958
115 48.370170
116 47.617082
117 46.865252
118 46.118769
119 45.381282
120 44.656017
121 43.945809
122 43.253122
123 42.580072
124 41.928451
125 41.299750
126 40.695183
127 39.303744
128 37.094266
129 34.709100
130 32.151467
131 29.424072
132 26.530197
133 23.473720
134 20.259110
135 16.891438
136 13.376377
137 9.720201
138 5.929785
139 2.012601
140 -2.023286
141 -6.169228
142 -10.415998
143 -14.753805
144 -19.172308
145 -23.660626
146 -28.207360
147 -32.800607
148 -37.427987
149 -42.076661
150 -46.526441
151 -48.850064
152 -50.895026
153 -52.640366
154 -54.106542
155 -55.313516
156 -56.280688
157 -57.026843
158 -57.570111
159 -57.927929
160 -58.117012
161 -58.153335
162 -58.052119
163 -57.827816
164 -57.494112
165 -57.063925
166 -56.549407
167 -55.961959
168 -55.312239
169 -54.610179
170 -53.865001
171 -53.085237
172 -52.278753
173 -51.452771
174 -50.613891
175 -49.768122
176 -48.920902
177 -48.077131
178 -47.241192
179 -46.416985
180 -45.607946
181 -44.817083
182 -44.046997
183 -43.299909
184 -42.577687
185 -41.881873
186 -41.213703
187 -40.574133
188 -39.663675
189 -37.372758
190 -34.922721
191 -32.297945
192 -29.501209
193 -26.535916
194 -23.406068
195 -20.116274
196 -16.671754
197 -13.078340
198 -9.342474
199 -5.471209
200 -1.472207
201 2.646272
202 6.875369
203 11.205646
204 15.627086
205 20.129115
206 24.700614
207 29.329936
208 34.004927
209 38.712947
210 43.440892
211 47.268218
212 49.564915
213 51.554863
214 53.247041
215 54.662021
216 55.819851
217 56.740002
218 57.441306
219 57.941927
220 58.259317
221 58.410196
222 58.410528
223 58.275512
224 58.019568
225 57.656343
226 57.198704
227 56.658750
228 56.047821
229 55.376510
230 54.654677
231 53.891473
232 53.095355
233 52.274111
234 51.434885
235 50.584199
236 49.727982
237 48.871595
238 48.019858
239 47.177079
240 46.347081
241 45.533229
242 44.738458
243 43.965299
244 43.215907
245 42.492085
246 41.795312
247 41.126766
248 40.487345
249 39.612260
250 37.312699
251 34.855708
252 32.223992
253 29.420345
254 26.448190
255 23.311549
256 20.015052
257 16.563940
258 12.964065
259 9.221891
260 5.344495
261 1.339558
262 -2.784636
263 -7.019207
264 -11.354693
265 -15.781057
266 -20.287702
267 -24.863486
268 -29.496743
269 -34.175295
270 -38.886482
271 -43.617181
272 -47.350938
273 -49.640083
274 -51.618989
275 -53.300879
276 -54.706308
277 -55.855304
278 -56.767312
279 -57.461144
280 -57.954935
281 -58.266112
282 -58.411367
283 -58.406636
284 -58.267089
285 -58.007121
286 -57.640346
287 -57.179606
288 -56.636972
289 -56.023755
290 -55.350522
291 -54.627107
292 -53.862635
293 -53.065539
294 -52.243583
295 -51.403888
296 -50.552954
297 -49.696690
298 -48.840435
299 -47.988993
300 -47.146651
301 -46.317218
302 -45.504040
303 -44.710040
304 -43.937732
305 -43.189261
306 -42.466416
307 -41.770666
308 -41.103176
309 -40.464839
310 -39.546259
311 -37.243833
312 -34.782435
313 -32.146396
314 -29.338529
315 -26.362269
316 -23.221657
317 -19.921338
318 -16.466568
319 -12.863215
320 -9.117760
321 -5.237293
322 -1.229513
323 2.897281
324 7.134196
325 11.471754
326 15.899903
327 20.408034
328 24.984992
329 29.619095
330 34.298156
331 39.009503
332 43.740001
333 47.411651
334 49.694687
335 51.665259
336 53.339397
337 54.737639
338 55.879999
339 56.785902
340 57.474141
341 57.962832
342 58.269379
343 58.410452
344 58.401968
345 58.259073
346 57.996138
347 57.626759
348 57.163754
349 56.619172
350 56.004304
351 55.329695
352 54.605160
353 53.839805
354 53.042042
355 52.219619
356 51.379638
357 50.528584
358 49.672348
359 48.816255
360 47.965093
361 47.123139
362 46.294185
363 45.481568
364 44.688197
365 43.916578
366 43.168844
367 42.446778
368 41.751837
369 41.085181
370 40.447693
371 39.482385
372 37.176871
373 34.710692
374 32.069937
375 29.257439
376 26.276652
377 23.131631
378 19.827040
379 16.368150
380 12.760847
381 9.011629
382 5.127604
383 1.116485
384 -3.013410
385 -7.253172
386 -11.593308
387 -16.023749
388 -20.533870
389 -25.112502
390 -29.747950
391 -34.428011
392 -39.140000
393 -43.870771
394 -47.477370
395 -49.754176
396 -51.716134
397 -53.382243
398 -54.773027
399 -55.908482
400 -56.808019
401 -57.490410
402 -57.973751
403 -58.275428
404 -58.412089
405 -58.399629
406 -58.253172
407 -57.987069
408 -57.614892
409 -57.149438
410 -56.602734
411 -55.986051
412 -55.309913
413 -54.584114
414 -53.817740
415 -53.019186
416 -52.196179
417 -51.355805
418 -50.504531
419 -49.648232
420 -48.792218
421 -47.941262
422 -47.099626
423 -46.271090
424 -45.458979
425 -44.666189
426 -43.895217
427 -43.148183
428 -42.426862
429 -41.732704
430 -41.066858
431 -40.430202
432 -39.417956
433 -37.109236
434 -34.638140
435 -31.992534
436 -29.175269
437 -26.189817
438 -23.040249
439 -19.731247
440 -16.268099
441 -12.656710
442 -8.903593
443 -5.015874
444 -1.001286
445 3.131839
446 7.374574
447 11.717408
448 16.150259
449 20.662484
450 25.242898
451 29.879791
452 34.560947
453 39.273667
454 44.004792
455 47.544770
456 49.814246
457 51.767492
458 53.425481
459 54.808723
460 55.937197
461 56.830296
462 57.506775
463 57.984709
464 58.281463
465 58.413664
466 58.397186
467 58.247130
468 57.977825
469 57.602822
470 57.134894
471 56.586048
472 55.967533
473 55.289851
474 54.562777
475 53.795377
476 52.996025
477 52.172431
478 51.331662
479 50.480168
480 49.623809
481 48.767877
482 47.917132
483 47.075821
484 46.247711
485 45.436113
486 44.643913
487 43.873596
488 43.127274
489 42.406709
490 41.713343
491 41.048319
492 40.412505
493 39.352735
494 37.040772
495 34.564730
496 31.914246
497 29.092191
498 26.102053
499 22.947921
